==============================================================================================================
EXPERIMENT 1 — SMITH 2023 IMPUTATION vs REGRESSION CALIBRATION   (honest build, Spearman vs truth)
==============================================================================================================

[iso]
  beta          ALL     FILTER    IPW_est  IPW_calib  ALL_calib  SMITH_env  SMITH_geo IPW_oracle     coef_obs  coef_calib
   0.0        0.999      0.999      0.999      0.999      0.999      0.999      0.993      0.999        -0.04     -0.01
   1.0        0.998      0.955      0.989      0.994      0.999      0.982      0.976      0.998        +1.23     +1.32
   2.0        0.997      0.900      0.956      0.967      0.999      0.964      0.966      0.991        +2.23     +2.37
   3.0        0.997      0.864      0.916      0.931      0.999      0.952      0.955      0.970        +3.04     +3.22
   4.0        0.997      0.846      0.891      0.906      0.998      0.948      0.948      0.954        +3.57     +3.79

[toward_HQ]
  beta          ALL     FILTER    IPW_est  IPW_calib  ALL_calib  SMITH_env  SMITH_geo IPW_oracle     coef_obs  coef_calib
   0.0        0.857      0.999      0.922      0.938      0.917      0.993      0.882      0.999        -2.12     -2.07
   1.0        0.861      0.955      0.883      0.910      0.904      0.962      0.835      0.998        -0.77     -0.66
   2.0        0.843      0.900      0.860      0.889      0.885      0.931      0.802      0.991        -0.01     +0.15
   3.0        0.826      0.864      0.838      0.868      0.870      0.910      0.781      0.970        +0.51     +0.73
   4.0        0.821      0.846      0.827      0.857      0.865      0.900      0.772      0.954        +0.86     +1.14

[away_HQ]
  beta          ALL     FILTER    IPW_est  IPW_calib  ALL_calib  SMITH_env  SMITH_geo IPW_oracle     coef_obs  coef_calib
   0.0        0.864      0.999      0.931      0.942      0.908      0.993      0.958      0.999        +1.68     +1.61
   1.0        0.837      0.955      0.991      0.990      0.897      0.996      0.968      0.998        +3.52     +3.41
   2.0        0.821      0.900      0.984      0.989      0.889      0.994      0.970      0.991        +5.27     +5.09
   3.0        0.813      0.864      0.935      0.945      0.887      0.993      0.971      0.970        +6.96     +6.77
   4.0        0.808      0.846      0.901      0.914      0.883      0.992      0.971      0.954        +8.35     +8.33

KEY CONTRASTS (honest build)
  regime      beta   SMITH_env - ALL   ALL_calib - ALL   IPW_calib - IPW_est   IPW_oracle - IPW_calib
  iso          0.0           +0.001           +0.001               +0.000                 -0.000
  iso          1.0           -0.016           +0.001               +0.004                 +0.005
  iso          2.0           -0.033           +0.002               +0.010                 +0.025
  iso          3.0           -0.045           +0.001               +0.015                 +0.040
  iso          4.0           -0.048           +0.002               +0.015                 +0.047
  toward_HQ    0.0           +0.136           +0.061               +0.016                 +0.061
  toward_HQ    1.0           +0.101           +0.043               +0.027                 +0.089
  toward_HQ    2.0           +0.088           +0.042               +0.029                 +0.103
  toward_HQ    3.0           +0.083           +0.043               +0.030                 +0.102
  toward_HQ    4.0           +0.079           +0.044               +0.030                 +0.097
  away_HQ      0.0           +0.129           +0.045               +0.011                 +0.057
  away_HQ      1.0           +0.158           +0.060               -0.001                 +0.008
  away_HQ      2.0           +0.173           +0.068               +0.005                 +0.002
  away_HQ      3.0           +0.180           +0.074               +0.010                 +0.025
  away_HQ      4.0           +0.185           +0.075               +0.013                 +0.040
