========================================================================================================
EXPERIMENT 2 — POSITIONAL-ERROR MAGNITUDE AND ANALYTICAL GRAIN
========================================================================================================

(A) CLOSED-FORM TEST, isotropic error (the regime the derivation covers)
    mu_delta     n=90  Pearson r = 0.973   real = 0.922*pred +0.007   MAE = 0.0249
    reliability  n=90  Pearson r = 0.997   real = 1.015*pred -0.005   MAE = 0.0161

    corr_len     D   rho(D)   mu_pred   mu_real   rel_pred  rel_real   IPW_est  FILTER    ALL
        6.0   3.0   +0.935   +0.0314  +0.0355    0.789     0.800     0.950   0.858  0.999
        6.0   6.0   +0.763   +0.1139  +0.1227    0.530     0.552     0.905   0.858  0.998
        6.0  10.0   +0.459   +0.2602  +0.2659    0.374     0.383     0.858   0.858  0.984
        6.0  16.0   +0.091   +0.4374  +0.4241    0.322     0.311     0.826   0.858  0.919
        6.0  25.0   -0.063   +0.5112  +0.4899    0.321     0.286     0.815   0.858  0.833

       12.0   3.0   +0.980   +0.0072  +0.0056    0.925     0.937     0.964   0.866  0.999
       12.0   6.0   +0.923   +0.0279  +0.0216    0.765     0.790     0.945   0.866  0.999
       12.0  10.0   +0.796   +0.0742  +0.0583    0.567     0.598     0.918   0.866  0.997
       12.0  16.0   +0.542   +0.1666  +0.1257    0.405     0.423     0.881   0.866  0.991
       12.0  25.0   +0.202   +0.2905  +0.2151    0.333     0.318     0.849   0.866  0.953

       24.0   3.0   +0.995   +0.0022  +0.0053    0.977     0.973     0.980   0.880  0.999
       24.0   6.0   +0.978   +0.0089  +0.0169    0.915     0.908     0.972   0.880  0.999
       24.0  10.0   +0.939   +0.0250  +0.0414    0.797     0.793     0.957   0.880  0.998
       24.0  16.0   +0.842   +0.0644  +0.0922    0.616     0.621     0.926   0.880  0.994
       24.0  25.0   +0.629   +0.1511  +0.1838    0.436     0.444     0.886   0.880  0.975

(B) GRAIN: coarsening raises rho(D) and reduces the damage (corr_len = 12, isotropic)
    grain     D   rho(D)   rel_real   coef_obs   IPW_est   FILTER    ALL     ESS
        1   3.0   +0.980    0.937      +4.90    0.964   0.866  0.999   0.163
        1   6.0   +0.923    0.790      +3.92    0.945   0.866  0.999   0.218
        1  10.0   +0.796    0.598      +3.08    0.918   0.866  0.997   0.283
        1  16.0   +0.542    0.423      +2.53    0.881   0.866  0.991   0.322
        1  25.0   +0.202    0.318      +2.21    0.849   0.866  0.953   0.355

        2   3.0   +0.978    0.928      +4.74    0.962   0.866  0.996   0.169
        2   6.0   +0.922    0.789      +3.80    0.944   0.866  0.995   0.218
        2  10.0   +0.795    0.603      +2.96    0.917   0.866  0.993   0.222
        2  16.0   +0.542    0.432      +2.45    0.879   0.866  0.985   0.225
        2  25.0   +0.203    0.331      +2.18    0.852   0.866  0.947   0.279

        4   3.0   +0.968    0.910      +4.59    0.945   0.852  0.986   0.128
        4   6.0   +0.914    0.775      +3.82    0.926   0.852  0.985   0.166
        4  10.0   +0.790    0.599      +3.01    0.901   0.852  0.982   0.231
        4  16.0   +0.542    0.436      +2.49    0.864   0.852  0.975   0.251
        4  25.0   +0.206    0.335      +2.17    0.834   0.852  0.938   0.300

        8   3.0   +0.942    0.867      +4.12    0.908   0.810  0.945   0.215
        8   6.0   +0.881    0.736      +3.45    0.892   0.810  0.944   0.351
        8  10.0   +0.778    0.597      +2.89    0.868   0.810  0.943   0.465
        8  16.0   +0.538    0.443      +2.34    0.829   0.810  0.934   0.445
        8  25.0   +0.217    0.347      +2.05    0.795   0.810  0.897   0.366

    Same-rho(D) check: pairs from part A (grain=1, varying corr_len) and part B (varying grain)
    that share a rho(D) should show the same reliability.
    corr(rho(D), reliability) over ALL 35 cells (both parts pooled) = 0.921

(C) STRATEGY PERFORMANCE ACROSS D, by alignment regime (corr_len = 12, grain = 1)
    regime          D   rho(D)     ALL   FILTER  IPW_est  IPW_calib  SMITH_env  IPW_orc   winner
    iso            3.0   +0.980   0.999   0.866   0.964     0.964      0.992    0.970   ALL
    iso            6.0   +0.923   0.999   0.866   0.945     0.950      0.977    0.970   ALL
    iso           10.0   +0.796   0.997   0.866   0.918     0.932      0.954    0.970   ALL
    iso           16.0   +0.542   0.991   0.866   0.881     0.919      0.929    0.970   ALL
    iso           25.0   +0.202   0.953   0.866   0.849     0.922      0.901    0.970   ALL

    toward_HQ      3.0   +0.980   0.981   0.866   0.948     0.950      0.965    0.970   ALL
    toward_HQ      6.0   +0.923   0.927   0.866   0.908     0.915      0.927    0.970   TIE
    toward_HQ     10.0   +0.796   0.829   0.866   0.840     0.870      0.912    0.970   SMITH
    toward_HQ     16.0   +0.542   0.691   0.866   0.756     0.840      0.898    0.970   SMITH
    toward_HQ     25.0   +0.202   0.598   0.866   0.754     0.868      0.883    0.970   SMITH

    away_HQ        3.0   +0.980   0.977   0.866   0.969     0.970      0.997    0.970   SMITH
    away_HQ        6.0   +0.923   0.920   0.866   0.953     0.957      0.995    0.970   SMITH
    away_HQ       10.0   +0.796   0.811   0.866   0.937     0.946      0.993    0.970   SMITH
    away_HQ       16.0   +0.542   0.663   0.866   0.925     0.948      0.969    0.970   SMITH
    away_HQ       25.0   +0.202   0.653   0.866   0.889     0.954      0.921    0.970   IPWc
